0
17427
19457
7685
15589
18617
11124
4696
6298
5371
6507
3305
4283
18769
10157
19199
19439
5104
17131
13022
7960
13635
15843
10738
15890
17046
16551
12635
14661
18397
14646
13133
4224
17315
352
6590
3585
15467
4049
2647
17179
8378
10580
1908
8850
11542
9669
18803
12252
19594
19675
10315
2621
15940
15380
15514
15050
13896
661
15474
13181
18045
18690
14069
15947
19763
17448
10376
16887
10408
14680
9384
8
7826
13342
2611
795
8063
7894
3835
6391
15710
16873
12695
4061
2363
2110
7558
2256
11116
18290
10779
14952
6509
5759
1737
18829
13872
7644
972
12651
2470
387
12639
15471
19396
6562
5505
1991
4004
4365
11814
1777
2920
1419
4528
16091
13800
10458
14981
14373
5168
4433
5608
546
19097
16919
19628
1816
19258
18794
12155
1339
4358
18913
18002
18706
5217
12147
1356
6552
15595
19071
328
6447
1811
7978
5890
4418
13809
13064
7391
19778
15546
2743
17378
20039
1614
4984
12709
15624
12987
6846
12154
3860
3029
19907
9728
4596
177
12211
11736
19880
8078
17817
10521
12549
3439
8777
19438
2518
1823
3411
14778
17274
15567
19206
4382
9708
19056
4784
11213
1884
16260
16461
180
11938
3332
17230
1408
3509
6698
12312
10732
14885
6668
5352
11362
6781
16376
19938
5004
16741
16367
6421
3827
12782
1630
11760
12665
19764
2425
1929
12044
11512
347
11286
19193
14792
15837
14639
11842
4469
17943
1354
6284
4116
16715
1587
3579
10471
3804
8380
18209
8478
12675
2727
14608
4541
15138
3508
5376
13072
18345
6914
9820
17994
10932
15744
12554
16475
9108
18783
18383
4502
16592
3616
4341
19870
17247
19037
3548
6085
4707
16239
11501
9237
13766
14765
13336
6874
9854
715
1361
11698
13324
19029
2964
14985
10115
15691
7987
17061
4663
1431
1720
12715
16890
17130
16568
18646
10485
9718
3801
5012
8904
780
16798
15673
1206
16680
5871
5053
17381
6900
12163
397
19423
15802
13849
17268
7662
799
16393
1941
10713
4114
17276
3614
6619
1017
7864
8636
8059
7682
10095
11875
15165
19719
3987
3919
803
4843
2826
650
385
17438
12871
6800
12274
3974
16738
3515
312
14736
12486
14677
6973
16382
1519
13168
2251
5066
2737
8908
10545
1476
10220
4221
11518
4309
15867
16145
12046
3217
17400
6041
6287
13026
14102
1365
15022
11715
635
3783
8074
7323
1703
17062
17238
17584
13597
1092
4873
10585
5125
905
5873
684
16294
5790
15024
9428
10211
19982
15061
4520
8552
1922
11590
8518
18578
12087
3108
18224
16337
19614
1578
13785
17755
17607
8592
10887
10963
18242
13892
7909
4463
12164
13764
10047
16269
461
11661
3302
2040
6548
8322
6113
5877
3133
18169
13305
14519
1026
1639
12514
13474
3423
7316
15880
14168
1054
16192
10464
1281
18920
17019
1902
1317
17859
16571
3276
16499
2988
14630
13834
13608
17630
10353
15637
18291
19670
1542
10758
19511
2146
3214
11929
16561
19360
15790
339
11402
8374
6249
14791
16110
15808
9164
17790
1693
17756
19475
14452
3373
8742
19789
11908
8887
17953
17865
5117
9222
11918
7245
11288
10317
18577
793
9033
17375
4269
11147
1541
18011
7089
5859
13005
18897
14151
12957
18825
4207
2193
15491
3309
18482
8477
395
18639
17112
15272
1779
12248
12179
2379
15481
14947
9817
7146
14450
11480
17129
12240
12093
1837
1507
578
1744
12668
3330
12532
14593
1591
9317
12718
16432
7981
13930
17007
2398
17483
13245
8798
1420
4396
12360
3545
3132
11397
9234
13742
14351
2929
19366
6948
815
17952
18475
10080
651
18750
2190
13913
7328
17601
17395
6428
15658
17984
16683
8328
297
18786
2183
15221
14446
2437
16151
3013
5587
8043
10523
2517
13444
4971
10244
11359
8004
12101
15577
344
12404
3608
14263
13468
19060
9493
19943
13634
9150
12677
14667
3812
9981
12295
10228
6206
3078
9540
2097
9460
19140
3481
15982
5300
18653
12798
12376
16563
3961
6182
2787
18726
9591
19310
14022
9037
19437
6916
7343
19533
1795
5904
11829
9188
10023
13354
14246
12868
12261
19294
15621
4261
9503
9280
5704
2410
6012
15757
4370
5597
16258
10653
13995
5238
3943
16611
7820
12423
8466
11525
999
8882
5380
1642
2755
8030
4910
10600
12140
17403
17792
14624
14253
16557
3065
10919
1878
18587
8112
7090
3732
901
8257
15640
14968
17232
4086
18348
31
10311
7327
13055
19441
20032
9978
16942
12325
17428
6923
13376
15665
159
17989
6831
10811
10043
14123
13908
15490
10894
1091
911
11981
17184
8970
18609
2898
9837
5007
10615
14790
15932
18225
18435
9780
17358
18091
3910
12095
16067
13493
17024
13787
9331
9111
2564
4246
14794
12169
2162
14522
5656
19392
13629
1787
2822
16385
20019
19429
10989
5796
15574
14448
12074
7158
11119
19038
11349
17676
6858
17101
17799
9679
11004
18132
13080
18954
15234
9344
1643
8100
1294
1307
15840
14620
9871
17544
6966
3834
4211
5051
18168
2944
17166
5267
15216
13514
12445
15746
10903
706
4159
1115
10060
6523
7098
7767
11376
1058
15986
19609
14613
10073
1052
12029
5247
19603
16716
13534
12519
1975
4567
4117
18680
9286
4214
2950
2032
19347
6679
7441
16729
13960
9070
15016
8359
15456
14476
277
16733
16872
18494
7720
3170
1828
11435
1973
1039
9490
6596
7055
13558
11515
5913
11089
13693
16272
1667
16731
15282
14574
248
6740
10081
287
10616
19159
930
19911
12548
9001
12365
19871
8741
6434
5395
12379
2885
13832
13485
12313
2534
4056
11819
15583
15687
15198
8115
18562
6209
10800
8420
558
2141
15525
13803
653
14696
15605
4716
7411
7712
11954
18525
11111
7956
14192
17198
19389
5875
17397
17344
652
7329
14454
17826
8430
19633
12804
5208
19476
12643
1037
17761
989
8010
2614
12663
7003
7836
15881
5569
1845
11006
18298
16688
5467
12940
18478
10952
1399
8841
1483
19706
12967
4802
17471
162
12065
12483
14014
3002
2995
4439
1770
13636
19076
15694
3296
18
13308
3685
35
10223
6316
18438
17355
1998
10635
10557
3394
14821
6397
4770
14306
1567
16132
140
1928
2712
13501
16539
1916
10000
1566
14254
2228
13729
3564
12130
9911
5427
6656
16690
3525
3677
13926
5869
1295
1041
10415
3726
4584
12228
4043
9499
17041
3072
449
5645
16931
2498
4366
19386
6842
5562
17252
10217
3157
13161
18474
2972
5114
14005
783
2152
13101
14144
943
15738
11299
12603
17305
2592
2613
1509
12576
772
15841
11351
16525
19569
16925
7899
806
17929
18197
8782
3676
9767
5472
14921
3477
14461
13918
3325
2080
13068
3638
4761
10765
15916
19835
11340
10678
17139
19632
15059
14948
16507
1004
18131
3982
10645
11247
694
13296
8605
11850
14957
15953
1686
10199
18598
897
14864
12772
13193
19733
7815
14015
5193
8500
18005
2997
3468
11933
12955
883
16277
4892
15032
17018
7745
17065
10421
14536
5706
13625
832
10381
4797
18943
3790
3259
8301
12264
12794
4170
2681
18068
16347
15347
15653
14304
2199
17186
984
14715
18539
2299
7705
14196
10400
13996
10526
13740
12162
16804
1303
7348
5163
12359
10527
3173
10980
3741
6755
14091
15505
10966
9652
1248
4362
19698
18990
7180
11877
7193
19128
8560
5511
3875
4343
3351
10895
17897
10792
17720
413
4025
11180
12851
4756
8162
11032
19170
13854
12031
3475
10469
1685
17633
14517
17521
13373
9261
5897
19720
12629
19589
3925
10842
2877
8114
1172
6753
15472
9355
12492
15400
10314
810
12438
13641
4542
3338
13329
801
1982
14872
17861
8639
4453
8881
4346
14048
14930
3523
13073
15939
17912
62
2547
2983
2664
6683
11573
17109
2813
2675
12667
4423
3229
13167
3488
14429
15965
11017
1291
15602
17324
5622
2180
18710
2750
8938
15720
19267
2955
3435
17233
9416
11839
7491
5743
6876
15236
12748
18762
17634
9603
6217
2610
3088
10232
2174
9812
5348
1596
14379
4990
15541
18584
18142
1623
3785
14103
5963
19770
19933
14035
4546
704
12314
55
7479
8590
15268
9798
17127
11003
14719
8218
760
11620
13521
8243
14250
14891
6920
5296
15276
12455
6542
14468
8946
14779
7304
11420
1224
11346
13820
15822
1367
3947
10838
16344
6263
17445
1329
791
2789
15745
18822
15800
521
5750
12962
15322
10554
8712
18650
4511
9904
15457
17151
10411
7347
3610
5592
6342
11396
882
18293
19939
12370
4429
12394
17579
11236
51
16514
9829
14182
2021
19114
8989
17758
13126
12489
11816
654
10239
6067
14796
4869
12368
12524
3617
13171
6339
1903
17992
15958
11701
9838
17616
7559
17833
8738
2144
401
1718
15569
15944
3446
44
9934
2436
18675
10034
19117
18507
14731
4163
1252
2458
15897
15538
15107
10466
13316
3272
14644
9429
9134
13811
3429
2888
12271
19057
16511
15220
4318
19745
18964
12373
6378
3172
11574
6205
1341
18834
14058
2452
2939
11494
15523
12880
11225
12961
12674
14652
7856
1280
16096
10243
7025
5056
16496
9079
5891
11606
13932
11302
15902
15592
12729
11593
13246
7394
11696
17162
18081
17830
15051
15606
14158
9357
16017
7743
1049
17313
12172
11289
7139
6406
14764
15809
17590
16245
2612
19087
9580
3932
3307
5730
2936
17320
5719
12956
10160
12813
7112
19093
4593
10003
2773
19239
7384
13302
17617
18270
10391
861
14711
17429
8524
4655
4962
6647
6560
15832
1422
266
1930
5287
8055
16815
4223
15638
20027
7955
18335
14309
11507
20047
18625
11451
10496
4204
2430
2767
18124
3637
3123
11674
10090
11855
11635
6436
11876
10634
11096
2412
327
11538
2708
2427
6259
19744
16973
19800
14939
13409
16756
1467
19316
9729
15635
13905
17770
14170
12185
16436
18129
14486
15286
12353
17744
3623
3169
7364
2512
10770
16538
19696
5174
18545
1010
13453
14727
12654
6117
14343
1952
1931
18552
18325
9858
10987
5791
18631
19845
12375
16950
17998
2292
4388
19798
13353
16029
83
6689
1653
1185
17762
7443
16130
605
5813
5331
15937
2820
4721
3118
10369
149
8584
15046
8028
114
7667
15807
11197
19890
7224
393
7478
14770
14530
12245
16448
3
4213
7161
2005
14042
11066
18424
1199
19136
17730
1175
2549
11065
16589
14063
7632
13646
17779
3602
4133
16923
13779
6670
4351
17038
9377
17297
6675
19241
19514
13076
8152
17353
11776
4430
12588
8573
11883
13248
4329
13285
11481
11309
9850
3549
17035
19356
9549
18470
10417
5150
6315
6053
4063
16936
8801
6267
6961
17470
11592
4428
4731
17550
6430
11438
5962
19190
10392
9364
8424
13247
7437
14625
19970
12751
5839
5499
2215
304
10389
8854
3146
18010
9716
1061
6806
15369
19605
5336
14606
4877
19641
18012
12623
14230
5152
18092
8210
16018
17815
18537
2374
9458
17848
18957
214
4130
14038
10093
16398
7487
5281
18744
19591
12427
9006
11540
12198
15089
7285
502
3183
8231
3311
3366
7142
19826
5451
14326
18863
15434
12752
16636
14911
12896
9665
4535
17585
14543
17089
17009
14188
4263
6345
15417
7862
11867
8734
15030
17442
16598
15735
19014
5039
18162
4415
13228
15263
17649
18023
1512
10142
8086
17581
255
2131
5648
18807
15811
14689
1019
4458
14730
5495
3577
5423
9514
14732
14929
2971
5172
19588
16140
10856
11764
11871
2383
0
15370
17419
7289
3203
8128
2849
2881
17370
2776
747
11055
17218
16035
1904
4436
827
14699
19364
12111
4367
5023
7
17706
1021
10430
302
15530
15875
17506
18944
10619
4386
9293
13837
5610
19950
10266
3499
6669
15309
15367
86
19619
14516
7991
10156
13793
16414
19809
19524
14837
17261
2459
17568
10578
18318
7021
1298
5361
16524
8752
15183
15534
730
12106
3629
17467
1853
2447
14804
4303
13661
1372
14806
14153
3449
11377
17058
11588
1423
2475
15487
13335
20031
3711
18278
12877
8213
3645
291
17176
6285
4822
18361
12221
14915
19775
1103
18069
10459
2992
14494
1835
1501
19994
14654
3014
17171
10854
12015
17734
11275
4138
7542
4055
11637
11853
10539
16614
8235
15515
19088
14974
14740
132
12342
12229
6465
8730
4932
19734
14506
15383
19532
16090
6189
15346
14828
7849
14512
17113
2156
19253
19299
19752
3241
8510
6905
19169
11413
8709
12551
12203
12098
17414
6179
11656
16649
9414
8196
6964
14659
2949
10656
14882
13301
19184
16734
3355
429
5772
14641
4643
2930
15104
12016
862
16062
17055
11253
15038
18429
3105
7882
4595
19886
11690
19792
14717
17174
16377
14579
4158
16567
8574
4215
3644
19849
11216
6103
80
14498
12733
10939
12011
7151
3571
1894
4335
2862
15828
18648
10200
2780
8544
9379
7473
16713
7046
13438
19695
5997
1256
1830
15091
2241
693
12932
8384
1137
19756
12622
11057
16927
3729
18269
4911
19652
11987
4832
4868
166
18422
9202
11793
12403
5341
6060
6603
17318
16109
18703
1967
922
18250
19653
128
18996
13019
10534
14781
7461
13371
11174
12649
15395
15410
10724
14315
11721
12842
6616
5964
11047
17169
4791
17160
14695
2669
4967
12043
6075
19810
10510
16579
3087
4863
18289
9449
19563
14799
5387
5654
7363
8163
10112
3799
6763
16069
3670
10165
11671
14340
14028
8953
9832
1081
12775
13975
4301
919
12236
396
12504
19369
3734
19512
13442
15645
8767
6231
1166
16587
14275
19799
19540
7681
9546
1712
5652
7630
157
12845
5578
6212
15173
12768
11470
10735
16160
9543
12085
2744
14314
141
13322
19665
17416
6584
7865
19777
14099
13284
14291
15952
4476
14475
18673
1945
14763
19648
2336
14674
6979
274
3482
17729
14361
15879
19178
19767
18276
4209
7916
1322
9993
14539
19988
13083
9674
10822
5882
11687
10063
8404
4440
18608
14085
10281
19658
4824
9677
13264
14288
5326
296
13104
16156
8186
1570
4506
19225
2213
11165
13131
14840
9874
5415
142
4217
17813
4278
17768
9058
14194
10655
5764
8261
2589
14249
13417
10344
12088
18416
17391
15874
14955
7448
17608
13252
4402
18160
4447
17850
16167
1459
1299
7081
10138
7881
8039
8429
2105
3271
13408
10071
12806
10570
4734
16362
13959
14815
4796
6761
4437
19083
15522
19570
1478
9681
933
12020
15350
19902
8315
11923
10113
14575
7244
4098
9338
14417
14563
794
10624
7035
2244
18399
16737
10795
2197
16871
18154
3180
289
2169
18271
800
17697
11511
1234
9518
8421
13948
1401
4001
15013
14858
511
6318
6955
15127
4479
14176
18809
4699
2155
565
13714
3393
14292
16332
5560
17272
17595
7737
3781
19175
5447
10213
6785
887
3984
10562
4507
8812
1364
9195
16594
19378
11621
2633
18030
11090
12139
15333
14780
12461
14013
3033
11785
1297
5939
12857
16600
19308
13061
9510
18105
19974
5014
8393
19235
15475
733
12490
5722
16995
16424
14298
4960
8699
18235
16725
18765
13173
17093
7341
10726
18241
15
5782
12802
13855
14161
18039
18551
19607
5080
14583
15102
2528
3056
9044
15825
15249
1330
2672
5541
17053
12284
17337
4069
12083
1494
6405
19024
588
5169
10649
17565
372
13054
2943
12994
6967
18567
2816
4839
15259
3035
2453
15731
7524
3464
14344
2795
10969
10791
16329
4806
14131
896
412
4438
9486
13683
3985
12076
15610
13847
16667
15714
4792
9430
10529
1186
5516
18396
18042
9873
1854
15413
12327
3648
1794
15379
2076
1932
18775
18654
18597
9197
8057
4973
19167
17741
6453
1539
12630
305
1750
374
11484
3709
10575
17742
2650
20037
3371
2145
14295
15831
12167
17108
11952
1311
11791
19473
2783
3372
19089
11202
14728
2522
5769
11304
4491
11643
13940
928
12127
17016
13033
11441
3315
8233
2002
8470
14111
18714
729
4218
19497
10500
18331
411
12888
2714
11237
13728
773
7220
16962
4405
3440
18526
8173
13018
637
3461
16980
16472
2808
16316
19229
14064
19462
10556
6598
5294
4524
16720
6410
9654
7102
4816
17773
14150
821
12890
3939
6164
10949
5574
11708
19266
8914
3929
14568
3526
17627
17253
19195
3343
6550
11357
944
16641
7677
10981
9471
5498
2710
19794
16409
16216
9090
11292
3828
13548
4378
16790
9276
555
5815
3636
8075
17908
2603
9296
563
7605
12873
14754
3196
668
19504
11719
3558
11195
15469
10236
8568
11307
8885
12487
16847
1101
14873
6849
13637
19915
125
14650
15730
1400
12054
18157
1739
10053
16803
18600
12391
19987
4339
915
10044
15979
2707
4821
17380
17124
1572
1342
4113
15049
2376
10457
3245
4006
1270
1846
6281
15884
8794
19989
7946
17856
15119
9128
19421
14412
18394
2543
3589
19542
9127
19296
17489
15685
5147
17559
11265
6508
15503
15422
2811
19001
19120
14554
18439
11035
13221
5630
12954
3743
14760
17025
10861
13361
1382
10231
6651
17421
5263
10512
18296
15766
231
13947
10438
8146
18481
3647
1251
17468
7886
13805
4672
18053
4879
17611
1050
14341
14178
19877
10248
12609
9483
18615
2232
16068
15839
17307
14207
11412
2012
509
7655
13496
1287
18489
1389
17376
18114
1769
3583
12834
11517
13265
14507
14903
13879
1090
14281
19405
5775
5132
7038
111
18021
17904
12392
5227
11558
18928
1588
16351
15678
10005
3656
9650
7016
19691
15342
12448
18634
4078
14266
782
5429
2974
7213
5576
10025
19882
14376
942
18454
18259
10573
2985
14520
3213
8452
743
47
17010
5665
10528
13848
18871
10683
11476
17885
11862
19422
13612
15812
3335
4568
3912
7259
15378
10194
3300
1391
3396
12700
12893
553
14402
15585
17526
11866
7618
9891
9717
12061
2827
13886
17951
8583
15160
11088
3015
1913
4359
2691
9004
3825
10012
2312
12879
3385
19255
18621
14987
8093
1337
8937
12976
10789
7972
2171
4601
1759
6116
1360
19354
10532
4916
18636
14244
12580
9124
14225
14334
11082
14169
7734
13547
4028
19838
1990
13511
15124
1520
17158
9340
8176
7891
9762
3149
11723
5445
2084
3100
12960
12378
11399
7817
16869
2796
8932
4773
19307
13414
3531
1005
3226
15765
6385
18431
5339
16710
14504
4099
400
2805
299
18558
17097
15335
4250
4305
2314
9295
19164
77
16930
13067
2582
15078
2108
18638
17329
11079
4908
12443
4076
18198
10604
18814
13850
13423
2671
6387
11112
10110
18384
8258
5388
20046
4450
19412
11361
12661
3956
12611
6665
5575
14325
11784
1791
6069
10004
9112
10087
3042
8971
12178
10450
18467
17786
11167
3861
15587
6902
17711
7961
13345
100
15039
2821
9165
10383
503
2804
7190
17960
9181
224
7568
17754
11625
759
7233
19455
19960
11645
4813
2756
13315
17095
3967
14370
2583
7236
10287
10848
5659
9262
18027
11912
16355
13382
11798
6533
16465
7433
2654
15542
10742
9117
15989
67
15826
15776
3412
9645
17898
3588
12411
16616
12209
17183
10565
11978
1377
3888
19636
16979
6554
16819
5031
16263
8153
4966
17843
11600
3274
2741
18009
246
16279
16072
14655
13367
1590
18892
13865
9029
19055
1850
1631
16797
19856
17475
16241
8097
17011
17214
22
2571
9845
18746
5677
19710
19194
6190
1839
12746
926
124
13203
1832
4833
13379
18189
14698
15495
11106
4548
2179
9271
10531
19896
13464
4794
11597
2562
2567
4740
3598
15223
10292
6446
5099
3339
11227
1465
10109
17917
9824
17846
13654
10295
15392
10030
3973
4083
6049
9456
11219
13703
2020
3405
19771
17838
5318
8599
14649
4379
531
9129
14866
16373
12253
7600
13961
3318
2493
15992
6490
12045
1202
11977
8635
2565
17396
13492
18720
5038
8260
9757
9153
18517
3736
18945
3017
1237
5488
13595
9596
4225
1575
8436
11792
12051
15121
18234
10225
2825
1355
16669
18752
18145
16046
18202
11824
11473
17867
4265
6013
18556
599
13347
15764
623
8657
10978
10865
5021
19895
2030
11394
12356
2933
18223
3237
6681
1078
15862
3181
11469
14589
18304
5335
17699
4145
11267
3981
13836
8660
5140
2395
4636
16834
13043
16583
13980
13822
462
15077
19220
1348
11732
8320
15743
19878
11313
3352
14311
12860
1325
6597
15303
6289
9986
10106
12977
18826
18695
12104
11468
9475
18451
5285
14406
15230
1336
19643
14440
19132
1972
15912
15920
16289
14789
4258
3552
9769
14209
17997
7529
15742
14961
16159
18072
6528
533
14155
11984
6907
19095
17302
9332
3473
1283
3813
16812
19758
14401
7477
333
12479
12450
6896
19975
12947
4856
917
11373
17592
19338
5304
15307
2222
4955
4154
16721
15846
17858
11612
10826
11136
16933
6269
7308
16023
9278
10197
2698
17275
18253
14357
16506
16607
14623
12282
5986
5478
13857
9545
17383
14988
8476
1083
15938
10348
11347
695
2158
3290
19908
3148
8874
18064
15191
4257
14328
14635
17126
7431
14893
16874
8739
14963
11295
10350
10973
19051
17797
10022
13303
8383
11191
13710
18500
9749
4331
13158
14279
2836
2074
14749
10359
16848
12142
10460
17791
629
5639
5807
4328
655
2455
19804
17446
10762
5831
11001
18949
18125
10256
12599
2752
2829
5261
10337
16657
12257
5984
1752
18330
14524
3706
18044
10755
16204
4918
2865
5522
1783
15187
11016
11992
11461
13141
1650
4745
1705
9886
16150
17980
17281
5040
13000
15468
13291
11591
8508
444
10915
8912
15432
6699
4184
8934
10301
64
7801
1778
3528
13300
6390
16879
18535
19451
727
15262
6575
481
12470
8289
12593
12537
3733
17476
15662
3989
18731
37
4203
12386
17154
13504
5266
15114
3210
19866
6441
5995
11268
8585
3204
5954
10455
18247
2474
3913
12837
1149
340
10006
4387
16200
15715
13957
1345
11056
10584
14867
1951
16459
17389
394
16885
19688
4281
13726
15590
17640
12477
239
11235
17990
17494
17703
16443
9781
9663
6131
4047
4174
12279
11411
969
11650
18935
7385
19942
1809
15056
5234
5438
19510
75
9212
18501
8983
12369
13031
7191
13092
4425
12332
19165
15310
419
9913
11242
12402
10623
15644
18787
4549
913
13967
17687
18163
4195
18766
14809
13401
17937
1515
14473
11936
17104
10709
15021
2008
19749
497
33
15017
7063
17653
17059
15151
9987
9639
649
7033
11287
16505
9083
14083
3171
18214
13945
761
14807
16957
17187
626
9972
18698
16838
8563
11155
16047
5513
981
10817
12708
9005
13963
13603
8036
17393
3265
7544
17986
19742
1859
11222
11121
5416
2191
3750
17783
13292
10912
14993
7251
17871
19864
18938
7586
7321
15928
3368
3403
10669
6123
5199
15545
2153
7764
13890
19980
6895
16230
1448
15108
16624
13351
3442
13590
14756
6158
293
11156
12293
14025
15470
4723
2024
5319
18119
18683
2778
7863
2706
8104
101
10039
19375
19708
952
10513
18532
4471
12518
10720
4732
7338
8083
13531
5299
3738
10084
15483
18659
18657
18254
324
5180
11326
14746
1191
13870
12318
2239
17225
3273
19592
14841
5757
7513
7595
522
8611
11941
8236
12002
7349
11826
4853
8729
15698
17084
7920
16103
14918
17612
4540
17802
4830
7589
15229
16339
13377
3152
18285
14739
17308
14020
16857
11808
12582
6265
7587
3690
1187
113
9816
9342
12895
18428
16655
13700
15502
1309
7868
12471
9000
8382
4064
19581
7133
12920
4155
15131
2906
19306
4459
13038
282
3814
18032
3277
10219
4390
576
14445
5728
11064
6515
283
19328
18286
11554
13029
17028
6924
1220
5186
6814
5598
10491
2266
317
11329
1150
3246
2690
11547
1727
3346
2172
13801
3868
18827
19568
7237
12123
3399
16107
2516
261
3010
8302
6185
2242
15171
3780
15269
11280
8797
19828
3267
17257
4775
14995
14580
7043
13479
15842
2635
19272
16124
16833
15212
9541
4837
6524
17342
13465
7919
17551
6314
16224
3021
10541
6180
2630
1949
14898
16791
3858
17200
19090
10490
16003
12143
15105
16300
4648
909
11002
2489
8717
13127
14830
11254
9796
2563
4718
5022
3377
14319
9432
6086
10548
15117
8164
1153
8910
6510
17878
3323
14718
14795
13279
6629
3047
2261
6276
16750
1487
5043
1964
1415
15566
8915
16577
3621
7983
2560
12205
15305
3493
13893
10514
17088
15254
4271
18903
14493
3160
1267
10186
2391
3622
9924
13498
12080
13934
2274
10037
8438
7051
4150
3747
5305
16503
3839
10640
8234
4325
16276
994
5605
11463
18408
17766
17317
16445
726
1765
2009
14143
12334
1392
1905
2420
16970
14907
13639
19030
14009
991
7410
19891
12216
3025
9528
16431
7307
17717
17
3198
18984
18085
19467
16194
13619
11269
13986
3884
4342
10668
851
6532
13075
5911
3349
13606
14535
12894
10767
10519
9646
5226
1259
16926
9965
4891
3062
11188
12557
8927
15498
6890
12921
8244
13540
12320
7911
992
979
5851
9447
6191
16960
15847
13782
2335
11204
4376
6083
15570
4125
17090
2740
15820
18237
16652
7548
12385
10612
10387
1290
4493
18109
19823
5808
13888
19687
17812
18656
16079
17443
2969
16396
15615
12914
17190
5203
15489
15573
18115
17841
17668
6282
6409
9135
1205
8532
19674
8815
9228
7703
2288
10089
670
6444
16478
18054
3520
7023
3471
4461
15518
3498
11115
625
18637
10355
12840
2680
12898
8471
10641
19768
724
16794
7520
3228
17074
1729
4364
1721
9905
1534
18434
14264
19700
1749
938
9152
19622
5306
17212
6452
10473
13114
4854
2620
2355
13582
12433
4489
6028
13111
10399
14262
17564
3007
12028
11973
13690
10300
10238
7234
16441
732
362
7031
790
17012
12832
3165
8225
4913
1581
4416
17924
3128
3331
19352
19783
7621
9040
13658
12493
4885
16423
8831
5867
12816
15118
4759
9462
6936
19414
15833
14671
10070
10010
9613
4554
9755
17670
11100
18952
3902
1936
18887
14618
2037
8624
1386
11368
12694
9147
7878
18218
19474
2538
3898
1227
13276
16434
11455
13943
1740
16801
3928
18302
12072
964
5872
5555
10725
4254
15300
8201
16425
19471
19054
15235
19003
6684
13225
19881
16366
17793
9229
13788
5568
112
16458
671
6766
16221
11404
15178
13743
10999
18363
1598
16565
18616
16786
1201
1452
213
1711
11428
15099
5530
405
14327
8638
2349
14707
18645
2931
1645
12037
598
13789
184
13928
5034
18094
11030
4080
17735
1962
19254
17837
16659
2120
5486
9277
15009
2448
19590
16754
13223
837
17911
16293
1433
16183
16022
1595
14236
9899
1551
15334
14559
1296
2771
14560
9480
13439
5459
6663
78
16974
6725
19741
15003
723
19091
19275
10703
9671
2946
12307
11765
16335
14596
2715
11025
6055
3177
11598
14096
9683
17478
8060
5057
2116
1573
4052
7825
19623
8693
3507
12565
1654
819
8252
5932
3321
17624
8852
5136
1442
17451
14508
8810
13952
13183
13117
8977
7049
11539
11994
16055
5157
6838
1468
1434
9272
3289
15044
11245
9920
17603
2511
10700
4186
2948
1670
7490
10358
18702
1189
7941
5196
17540
14521
6522
6526
15372
12239
11246
15320
9936
6518
6745
2432
16036
17469
9205
15275
4638
4124
15388
13532
14547
14074
18468
17128
4389
19637
19155
13096
10829
19523
9481
7680
7962
9020
10284
16433
2701
17516
13767
18240
9523
5921
8962
2576
12149
1677
1774
5715
14752
3518
15988
2003
8068
8866
5460
6810
11091
2602
14844
17700
14052
7219
3476
7413
409
12590
9427
3120
3231
4725
18813
2482
2075
17051
18368
2832
8077
19413
10326
1789
16060
8259
7438
6280
15865
6365
11898
19694
12946
15909
6495
19162
6234
243
1444
13998
12041
15816
2202
425
7537
4698
19465
8981
16654
11519
11845
9790
990
17120
4850
14424
5425
5298
12112
17304
14463
18692
5045
10992
4121
11081
16588
9618
18926
10283
2354
7958
3721
7153
889
2207
3459
1552
11894
3901
9204
19668
1831
16895
12107
18768
924
8997
5345
18357
1084
9839
19765
11567
1563
10845
3216
17775
6146
9210
19525
11392
4232
12796
8558
12930
8595
5135
2978
10830
2996
16138
18090
18652
14803
18295
4651
14385
1898
18284
1612
15763
2147
10561
1440
12938
18014
7313
13070
19682
11333
3640
12496
15975
1409
4137
15043
14801
4581
11500
4630
19572
9478
17209
6128
3659
2039
4036
1738
8603
8330
11809
4925
14248
11366
9398
9625
11483
8268
5599
12333
12913
19579
16491
6207
7483
8683
19587
15442
16105
14497
4268
9348
2895
6074
9491
7670
11423
4012
16019
18126
18112
1537
13677
14598
16760
12902
2078
13711
10814
7141
14994
2200
6070
3572
1498
4500
6040
315
1946
2568
19496
874
514
8109
15866
17172
1269
19575
9597
6723
4277
11132
3503
2159
19480
10277
7623
19893
14428
2203
18098
15415
1822
8170
7844
5493
15571
9097
2845
12892
10788
14901
10251
7273
2185
7121
19995
3696
8551
1493
7238
18987
17345
12030
9670
24
2318
12184
12010
494
6677
19270
19597
1549
17366
15399
14453
15750
11951
2117
10883
7643
10685
13424
14121
10590
797
1411
19156
17299
9668
14282
2181
19288
13249
15274
1589
7451
5242
18248
3484
12815
8352
8608
10305
13275
2856
12289
19293
2255
5206
18493
19863
16522
11910
19672
19606
771
2342
18605
5887
16440
353
15509
9604
16546
119
683
12835
12676
7545
12171
11036
3767
16106
12761
18522
18227
15688
2540
16788
3328
4406
14561
10002
3664
14577
19487
8061
11209
4852
1451
557
2297
19168
11457
10278
15782
10357
14566
10988
2048
8740
19520
10384
450
7162
3581
1104
7123
3554
14277
604
12062
16562
2604
1109
18754
17538
7508
11693
7560
11432
18463
9459
12096
14991
18630
11924
16504
16724
2270
15015
105
17520
18628
14892
17604
16807
500
15325
9736
1200
3278
14525
15493
869
1636
11648
5620
9774
14338
11205
13162
11556
9558
4417
9086
3407
8537
10497
13674
11562
7804
14129
16718
10517
19401
15452
4926
8555
79
17331
18735
19417
9323
10240
3892
19861
12460
6429
9701
4475
9617
10511
12632
16374
6556
12034
3415
20049
19689
4897
5618
11176
2687
8465
8561
16821
19105
3099
335
15189
16868
16548
19738
9141
11937
18065
19252
5086
932
1075
14223
15857
16238
16254
1753
1198
1155
12941
3958
9294
14419
15438
17560
13542
3501
17423
2867
16682
18520
5992
698
17199
8079
4912
12997
4846
1992
12573
368
11070
844
19805
3754
17492
2705
13814
14817
10925
262
4566
15239
2766
10728
15098
16111
7006
11682
1756
19857
3397
8373
2757
5712
12747
16188
13739
14943
12324
15083
1735
17931
18981
17921
8851
5880
3255
1183
9087
13569
4551
15946
1143
3456
14823
8698
3802
19836
3797
14980
2632
13395
16406
16722
11801
6057
8286
1182
17688
12081
12993
17402
12176
16556
3077
14964
1958
208
7324
11130
1022
10708
13270
9026
15936
893
12843
14703
1046
6654
19565
167
1714
10828
9933
17808
15357
13398
14010
17188
17135
5894
19171
14073
15458
17137
2238
17254
16312
18777
17293
6210
1875
5194
16408
403
18670
18922
5475
18183
1861
16909
15006
18495
12968
9927
4041
6855
443
9158
1597
19337
19585
18473
9045
2793
13676
2507
756
18243
15557
19428
19534
7936
2149
8634
18508
3360
451
3512
18366
16665
17807
19969
5355
1486
17298
15186
16412
2280
15122
16066
13357
15094
9948
54
19515
13734
748
19642
9900
1262
16856
2100
17441
15524
4968
5240
2401
11742
1562
6592
3863
17763
17136
18309
6975
1151
4809
17068
19251
5678
19645
2848
15968
199
17740
11681
4544
13651
1676
10809
15200
10609
19797
1177
314
18176
19927
10597
14570
15404
3247
17882
1427
7007
10431
16341
16867
15756
1858
11653
8905
13462
4292
3596
1628
2536
241
6237
4724
11495
5609
16016
2064
17201
9999
767
11631
1162
17341
13756
14333
19163
17872
12309
9976
7197
11887
9823
1696
13791
15632
18544
8181
16454
1282
13508
11448
5699
18433
971
17333
16706
5165
3450
2699
19917
16143
18051
7440
6459
9815
14909
1285
10382
1950
2252
17575
10396
17955
8125
781
10543
12517
11322
4842
7832
10161
10764
10465
203
18518
15564
5751
18458
8174
154
8799
1456
13860
3673
17556
957
13965
17539
9093
19221
260
17667
17613
225
3144
10131
7953
16626
1900
14149
14313
16404
1264
11795
1405
6748
4280
15373
13799
6325
19923
17854
17103
13692
3322
2091
10440
11695
226
6602
4336
5431
19231
8806
8826
3997
17677
11384
13704
15284
10794
14879
13471
3023
9555
18977
19430
11485
1190
12193
12283
19573
12561
4
11157
11789
1242
19303
12277
10477
7135
2419
14697
12102
4178
16888
11352
15732
10679
1429
3965
10129
17369
7634
5282
16898
11263
4845
15411
15666
12137
14634
17541
14116
15444
3140
15257
435
15650
13936
16956
5310
5785
17690
6724
10378
11836
3251
14387
9457
10957
14857
3270
11021
16080
3845
7198
9534
5028
12099
19508
19279
8576
11337
1909
8133
13575
6058
8728
17820
1495
11114
8790
15161
11140
11922
7819
13830
15311
11113
8455
19899
13971
7740
619
7419
12503
11750
20015
2982
9424
356
10474
5094
2968
2163
4490
2760
1872
959
10737
2289
14049
13187
16318
11830
3976
14157
13145
10442
5178
498
13299
3543
17134
10858
18287
14405
18610
10377
12181
13718
9735
19955
3687
4457
9273
18503
508
66
10069
10124
3111
8488
13537
4701
18629
985
4206
9017
8959
10734
10172
6310
18882
6947
12703
8409
15222
2905
13362
2859
14978
17031
20009
2125
15580
1211
16564
1028
11945
7392
212
16542
3620
1600
831
10418
18037
15784
10945
2642
14768
16089
8406
12317
9689
9653
13185
2290
2619
10188
12190
18486
15996
2196
16692
2838
15004
11639
8474
1300
16464
5362
10916
13136
12597
17938
5018
12424
16497
9696
14584
263
14162
1380
1852
19066
10401
4874
11553
13380
1632
12969
3593
19367
12847
14954
4951
17033
11364
3619
8716
13037
10601
18420
18505
15195
7650
13446
18194
18442
15777
5228
15479
12958
15202
15193
17392
17152
1979
3018
53
8988
13506
10183
13727
2544
15001
16476
866
5455
16343
3815
9423
16070
3201
14410
16997
9100
17686
6791
4738
15167
15123
8863
8197
14078
5232
13551
7847
5068
19379
3592
12577
532
3895
15810
11000
18035
3859
10085
1492
16543
2797
72
18820
17905
13601
12122
14451
17739
5265
3441
17738
12047
19990
10810
19223
13923
8434
11524
14970
6944
10394
14339
2386
11921
10280
4483
8865
17181
17593
5718
14997
1877
11586
1933
471
306
10052
3162
2646
16761
12679
14489
8156
16319
17582
2659
5817
16399
14527
8870
6003
3842
7679
9380
5426
18099
18391
3022
17596
17545
1131
11904
12230
11363
13021
12397
12556
18963
19543
16473
9908
14822
2467
7116
12412
3667
3903
13525
3631
13884
19077
7274
11012
10763
3487
7159
13925
11565
7776
11249
1327
1225
7583
4427
15734
11632
10179
2704
11450
11343
12872
19495
788
852
8440
13911
15797
15169
673
12951
871
15942
14944
2138
8184
6649
12194
4534
16001
8891
973
11849
19550
19539
15484
16976
11896
15076
3225
11820
6375
7952
10075
13772
6360
12547
5115
16530
5607
14472
17005
5971
15314
12755
2444
4000
16702
3642
2914
2674
2844
956
12220
9785
3224
14071
11806
19662
1641
3233
3926
11684
2220
12584
1121
19070
16615
4620
17177
19380
3691
19584
2655
12948
16938
5998
4795
11799
6625
3689
11865
15318
7646
13970
11444
14044
3697
16058
18231
9089
13550
10684
8702
10021
3683
10209
13662
2296
877
10504
16739
15575
18008
4014
19961
15228
10833
15967
10258
15789
17957
9327
10153
10164
15593
281
8896
3927
18499
10647
3075
8696
388
2070
8064
15427
1943
377
2938
12536
15446
10921
2067
9609
14197
5250
15676
3582
25
18018
17932
13797
11689
6241
1694
7718
13150
10869
4555
13045
13204
16380
16115
18392
8299
17004
6485
18073
895
7067
18466
11962
1829
3361
7867
11794
11909
10152
2389
3197
108
8493
8263
2167
11899
4148
3626
18118
14206
5424
13244
14540
3660
6389
8925
11534
11103
4472
15927
2918
7417
1763
8239
5725
2061
15052
18624
14352
19859
1892
3275
15972
20018
1063
12564
9043
17985
6516
620
16553
7495
17954
2520
5273
19383
2451
10983
13987
12060
11166
9275
9098
9901
19269
1203
7628
4755
10331
18607
3232
4431
7126
18937
12692
11026
17801
14167
13280
19377
5171
12075
6042
12533
12621
13706
5685
16633
18644
17816
14816
8389
5275
13621
12849
1624
19806
17969
10803
10670
18029
12633
1180
11472
11523
9571
11582
18026
4713
11120
16673
5366
6506
11301
5866
13100
9114
1208
19469
3789
14027
14513
15494
16612
13900
12425
18983
11949
18776
13157
13256
13689
15356
9557
15991
5158
3772
663
1065
1457
12009
8310
13916
11663
19314
3027
6707
645
13069
11185
8483
12457
19130
16282
19874
14979
6204
16015
898
6501
16946
11713
8557
5365
13584
3586
17532
8803
18043
17778
3955
8336
17505
18375
19094
4582
6881
18815
7379
2099
11537
1212
15995
19956
808
14358
19160
19257
12534
19932
10405
6779
1797
908
9055
11771
13218
8171
2693
5860
18464
1801
15060
11873
3751
7174
15586
15226
1077
2713
18172
19073
11229
15672
14594
6939
12469
2446
19536
12113
11123
18724
9267
16146
11787
11821
2574
4603
5826
18912
12315
11640
3470
15136
10177
3959
4591
15792
16266
2143
2725
3854
20028
12055
20035
6482
18055
120
19344
17561
10591
3253
3837
3817
14934
5195
3444
9274
19814
16174
14172
18761
15389
18096
11680
10486
11712
13813
721
6962
10658
18842
19737
2666
12241
6853
19390
4249
11668
10904
8337
11437
10371
14132
9719
20022
14152
5
3316
7697
187
2209
8120
2178
10785
1997
14663
6404
9062
417
1379
19048
357
12210
366
2509
13393
14016
899
15584
4383
14114
15217
5070
5087
17420
14190
17060
18510
17197
2957
15351
3463
1332
3712
16899
15657
15152
10340
7517
10741
5809
4625
1957
12681
19210
14224
4355
17918
19801
17287
12165
3494
18159
8155
5640
19851
10173
5324
10202
1960
856
2792
17832
17030
12917
8909
13240
13200
15211
15781
6275
7986
19265
8501
9238
7402
15803
18770
4156
8979
3946
19301
16372
11405
19796
402
10343
11659
9425
17357
2700
10576
10041
17094
5480
10710
11133
14259
19892
13981
14569
8648
5450
1403
18220
10162
7426
17522
1278
4087
1089
14029
4287
1543
4044
5613
19718
1682
5696
19621
2738
6960
13950
8515
10778
14842
151
7625
19351
10714
755
13664
3607
11707
12529
13387
3702
13717
16462
1219
2942
14270
13821
9036
12192
15296
8343
18790
9560
8427
4598
2686
9467
3070
680
16544
10697
1798
5603
1438
11332
7714
11291
4751
16073
14967
2010
6930
19208
13738
2790
1510
939
11194
5606
9658
18485
11576
4570
7062
6213
10289
2658
14303
11926
19460
12807
16987
7660
7563
18362
3495
12583
4527
19968
15719
1306
11516
1060
18013
12552
3975
9319
870
13391
5546
3851
17975
2703
11298
18088
19918
529
16162
11046
7164
17863
9747
976
7465
68
965
18523
15700
4677
2531
19039
15984
6703
1447
15855
6056
8264
19075
4422
9192
18459
4260
3964
13736
13614
5580
15301
11073
16350
3628
2587
15339
1394
15177
14951
14079
15537
8379
1805
14653
16596
2038
4557
8960
16924
951
6628
16
18460
6633
12004
11126
15901
3986
884
18727
830
18015
14544
18379
17226
12414
15008
16449
12634
13712
4167
17063
15643
12259
12494
2341
19147
2424
11706
365
10483
11683
3615
16236
11284
2035
152
6321
17949
12242
13146
11903
15951
16907
3084
2055
17546
18077
510
8390
4508
1517
14546
15904
19103
16211
7484
6731
1239
14573
9605
17210
4478
3319
13922
12891
14619
11797
6622
7500
106
9254
19431
3379
12812
11527
15244
12038
14510
7930
9415
16387
13488
14354
13024
309
9888
15990
5811
15252
11508
9496
15496
16444
15271
7450
7617
16249
1048
4326
16603
19363
4746
2211
12925
1869
8172
758
326
13097
10744
9421
19888
14919
17671
1157
3707
6502
11601
3746
1114
4216
3852
127
4602
6760
9539
2316
18093
8975
6536
12625
14876
2033
3816
15634
8889
15148
16757
18228
4038
11988
2770
7778
7407
18575
6775
5473
10665
7970
12688
8385
600
9039
9339
17485
19822
2730
10189
7592
13452
5449
15081
13586
17002
16113
11266
18204
6864
15652
4712
19406
9943
17102
2609
17591
16844
1031
13487
9998
6637
14628
1987
14496
15386
17328
8830
9306
2013
19984
17658
5456
3496
4576
6674
3168
18563
16466
19042
19840
9231
13910
3770
4474
2136
12374
3333
18667
270
4621
17535
18581
11976
16116
134
14894
2088
16549
10613
15917
14483
16032
1873
15416
5017
14797
10040
15827
14716
1996
10586
10970
5674
12592
7800
4441
1657
1758
5239
19567
16782
4825
8054
7765
8107
8101
1681
12559
12400
1040
9644
19528
16267
4594
12511
10620
13844
15482
8539
3101
7657
6112
11499
3773
11677
17240
12859
14833
19924
1603
16417
14761
12050
247
1147
14798
17237
16604
147
10108
6247
7521
5000
19910
13115
19061
2639
18497
3430
19879
7873
2748
17229
14881
14959
16153
2801
19659
11061
6888
4160
1921
3742
18111
488
17693
3050
2965
7422
15312
2875
3336
14786
11947
5059
641
7176
13877
4233
18549
18444
2676
8525
17034
17736
10646
5373
12980
3832
8489
2810
16057
1123
17367
2817
9200
1656
5379
11062
3445
16948
5030
15246
8668
18388
17064
14492
2923
14251
1580
8861
5428
2786
2782
15856
1882
17875
9356
15255
11552
13842
12833
5369
11054
16044
9385
5662
18527
3870
4898
19188
17814
13363
7058
11369
13271
15086
18317
614
11415
17354
19673
2384
1093
8788
18729
8408
17499
6001
1923
15293
5855
13502
12922
4153
10522
11403
4819
739
7225
9035
3138
814
14156
12300
5434
16257
4747
14383
14204
10602
4537
9848
11641
19784
3320
16608
3844
3130
10454
16217
8073
4517
15925
2932
5812
14364
3594
6898
12848
14766
3701
9465
16917
222
18313
18717
2257
1232
12939
19558
12975
18832
15721
2891
2352
18847
18447
19274
8209
8721
12850
2670
868
7731
17316
2192
2970
8338
19853
10420
13630
15818
1896
12502
15791
14503
15405
15705
12384
14714
2034
2976
19848
4349
18174
5754
12235
929
18244
5409
14257
337
14975
3611
16638
9842
19713
492
20010
1842
19134
17988
8963
1582
4015
15528
16914
2273
16013
15330
15156
6258
11786
4247
1385
1915
850
11563
10774
13871
6494
3578
1393
9741
4786
15853
15576
9640
1163
7883
6749
18573
7830
16252
11408
7267
19832
1003
3362
12866
16342
16053
9120
15801
11294
11149
19106
4695
1098
15298
11633
355
10866
2586
16949
16849
13260
12488
5065
17819
4288
1244
16088
3745
10996
17665
19821
5297
13956
1432
14550
4831
16988
4652
6296
16875
46
5164
3098
19702
545
3090
17723
17248
9270
15375
4107
14851
11098
13917
9535
18622
19192
17022
14691
3646
12021
1035
11739
11099
3971
14070
18959
13454
11190
1668
18756
338
10595
3727
16627
11314
4760
10637
3920
17628
16338
7581
7872
10955
15905
5041
2126
2979
13880
12750
16421
18594
14581
18704
18708
14057
11092
5029
19993
9962
13851
8395
8556
6445
16278
9676
28
16529
13841
4768
4050
18332
515
14713
10559
10998
12907
310
14216
18715
9885
18146
7965
17818
1880
3340
2356
3455
8254
610
13323
662
17164
14890
19309
17916
10638
10555
12926
5001
10776
17909
560
6178
4452
6808
16660
17525
7155
1371
14724
9399
18337
8118
18590
2343
526
4181
7695
12943
17531
2960
2049
19535
12923
5868
8007
18800
873
16910
6463
6418
2464
9795
4682
16601
19747
18595
1528
8029
18592
14511
4060
4900
14693
10498
14953
17325
3327
16310
14198
8056
17026
660
5471
16324
14529
3574
18166
1662
18356
12159
192
229
8536
10943
16945
11171
1333
14418
11400
19359
2902
3375
17173
19735
5167
16223
17652
3775
4398
3918
867
18461
9452
17835
15398
6691
14810
14597
14427
19368
15435
8924
18992
18373
15716
19846
16187
6951
13120
4334
11716
4887
271
14134
16749
12217
18256
3143
14744
8661
18793
14787
14030
9616
5508
7906
7109
1323
12125
12352
1553
16025
16009
750
2777
12642
13078
1593
1983
18101
15199
5465
17075
15247
8485
18033
13516
3125
17583
14558
17589
16075
13898
17497
18457
7045
2551
10375
8807
1914
7788
9030
12173
4095
11900
2132
2956
6154
10711
13197
7549
18521
3236
1734
14602
1233
15616
2212
17683
10911
2569
13642
19954
9474
10402
17669
17847
537
13103
4101
15365
9161
6891
18687
19949
12468
14420
63
12646
13272
17752
14852
5740
9630
14350
12678
9664
3102
16684
4684
13437
2404
17374
17542
5561
4947
7742
17115
9996
12059
110
3420
4739
16306
1014
8903
19748
14545
6626
1375
19244
17410
3567
10294
16220
3894
19349
16169
16686
3630
14626
17842
14848
17300
172
8311
5800
6027
16164
15954
2397
14032
1862
13825
8998
5912
4229
504
6202
18806
13194
18170
2492
2966
18893
10780
17346
2910
19785
5161
3862
12202
4700
18219
12516
9775
2065
18403
7072
10832
11864
10351
9027
13451
19909
3358
9951
15066
7954
14971
14811
5233
6201
14287
9761
9502
19200
16883
15895
12465
807
10332
15961
4545
19951
2794
15751
7397
15162
14762
3535
13620
15914
14422
14255
16625
907
17632
15382
19997
10536
18087
19138
13472
6790
17602
18187
2641
17195
6007
4560
17119
11276
2608
16270
7132
9997
934
12570
5705
7696
19357
9214
3037
15266
9099
10212
4904
14229
3613
1034
15903
13230
1222
18421
12485
13494
4033
16575
9325
6236
19705
18606
15684
3299
11151
19482
10267
5933
8666
3239
2142
5821
16736
18885
1648
8298
3595
1540
16041
6080
10078
234
11389
2668
6293
11927
18193
2063
16746
12995
2160
13897
7230
13356
2951
14355
12829
8011
8750
10727
3830
17948
16610
2515
8248
2069
16000
1396
14485
4456
17674
10481
3940
18360
17724
2984
16020
9615
4929
18682
18540
8644
7781
13288
14742
17079
836
8339
18674
15668
5500
7602
6994
4799
18685
10592
17893
13190
3301
11510
18047
2945
5468
19554
3695
19887
8006
12732
2422
11278
3905
3191
2233
19395
7300
15974
11895
1912
14331
10048
3020
14722
16492
11965
2485
15366
1080
8528
14036
16364
15005
19978
2855
8562
7668
7791
3073
18275
10307
2381
8505
12446
12000
15232
21
10230
7855
4811
12693
15529
2735
14552
264
19795
10958
9789
3218
9542
13415
16502
12786
3761
10024
19481
17155
1673
2044
16647
949
6543
18221
15317
19470
9622
9567
2545
8005
15629
11975
19963
1855
6559
19012
12996
14105
8945
13804
5999
17659
3693
17373
8655
11008
1097
8933
12607
1773
12672
11834
17242
14247
752
18453
19830
2378
2911
4324
16689
1416
7674
9688
9678
12258
5982
18711
2121
15565
11381
7104
14603
8853
15101
5944
2999
2435
13561
1436
8194
17680
17794
2096
787
1701
16180
8161
967
4231
2229
14271
13089
9256
8431
3796
1978
11143
16717
15929
15065
4664
15627
5545
712
11581
2530
14421
8926
7032
13631
11466
5102
18462
1579
524
19750
8250
8701
2210
19723
5950
2481
2683
2053
6754
15535
17991
189
17517
19854
19483
13831
13912
1867
16333
19819
12291
2513
12745
3752
17563
14604
290
19566
17573
10045
8399
3923
18251
19576
12869
17453
11530
7156
10993
10409
15926
19743
19618
17459
19122
5389
18812
7875
4030
11348
567
16054
18774
20026
12865
10221
6883
14729
2025
5834
14280
863
3250
2798
11614
336
15609
1901
2600
11879
5733
5667
10603
7365
3550
4408
19010
17211
3089
2578
14854
2473
1879
11869
383
1508
13507
14490
17760
9054
12620
19302
15147
4297
11198
14562
14684
17182
2194
17236
7317
130
10333
468
5269
9818
19108
7857
17788
7077
2480
538
14986
11526
562
7501
15258
7853
5521
12089
10031
2570
11916
828
14393
5858
5155
501
8013
2227
5289
1472
103
3978
18917
987
6722
13513
13330
3174
10920
7105
4888
1890
13915
436
16467
1610
17418
15029
14171
9358
13195
11406
777
1344
6581
16922
13046
3556
14184
17404
1786
9113
19261
10863
4338
15863
14046
4454
14685
9259
7240
8144
14345
11872
15555
7298
232
1865
561
12716
6170
12316
16210
17721
1618
14899
19707
13331
8796
3008
14751
15401
17405
13686
17044
3329
17398
18191
19996
9710
16843
9441
143
19816
5539
13617
13812
9982
16674
7427
220
2573
2519
644
14159
2990
16094
15554
3268
2321
10088
5975
10253
13467
16994
3353
3260
7290
15540
14296
3147
16039
18742
18365
2553
18555
17334
17891
10313
12637
13695
11101
8071
15987
14218
8659
15473
19173
3624
16939
3527
8045
17733
14673
18967
13906
19574
404
1349
3258
1159
14455
2062
15768
3662
8581
17100
13429
2094
19940
9954
15384
1425
18354
4938
7527
5013
17940
16913
2471
5464
19477
8958
1076
4606
13684
18343
7403
9187
9979
779
12191
6678
14222
6399
19957
7208
13287
18320
7281
2449
12738
4671
1284
14518
2546
5572
12876
5439
19317
3625
8867
4914
13109
1460
2958
4688
4952
13868
5893
6008
5906
17889
18618
15182
19715
19521
18260
6454
8457
18995
12628
13011
8224
2031
14356
9526
6893
8793
12901
2861
11779
12543
16908
240
17348
15205
14252
18025
596
5579
4998
15074
10008
2429
4115
2408
8387
18669
17259
16999
19977
13701
5931
18164
19552
640
12742
10505
10279
5668
8705
2322
12458
3066
4531
13360
15695
10941
18649
15349
19862
11605
8095
2396
4851
13418
15344
320
19751
3161
1666
19485
15224
15626
13840
15355
13366
12884
12585
11616
163
10013
18679
32
10692
9673
4559
14956
2533
9242
13902
9556
15935
10171
17219
17618
15941
9896
17536
19906
13628
11972
7040
3663
15289
9445
11658
3795
1217
4619
10203
16696
9376
12525
9813
1784
7202
11279
12366
16061
3357
16273
16237
15279
13365
6546
12841
10936
11024
6148
2835
14059
10690
13491
624
16675
17319
3994
58
7439
139
10879
